100
3 1 4
1100
1010
0000
1000
2 4 4
1111
1111
1111
0111
1011
1101
10 10 5
00011
00101
10000
00111
11000
00110
11001
10010
01100
00001
10010
00111
01100
11001
11000
00001
00011
00110
10000
00101
10 10 4
0110
1110
1100
0010
0011
1010
1000
1010
0010
0000
1000
0111
0110
1110
1100
0011
1010
0000
0010
0100
10 10 10
1011001111
1011001110
1011001111
1101010100
1101011110
1101001110
1101011100
1100011110
1101001100
1100011110
1101001100
1101001110
1101011100
1011001111
1100011110
1101011110
1111001111
1101010100
0011001111
1011001110
10 10 4
1101
1101
1101
1101
1101
1101
1101
1101
1110
1101
1101
0111
1010
1110
1100
0001
1001
0101
1111
0110
10 10 9
011111100
100110000
101110000
010110000
110110000
111110000
001111100
100010000
110110001
100100000
100010000
100110000
100100000
110110000
110110001
010110000
011111100
101110000
111110000
001111100
1 10 10
1010001100
0110011000
1101010110
1010001100
0011010010
1101111001
1101100001
1011100011
1001011011
1011011101
1001110100
10 7 3
000
110
110
101
011
000
110
001
100
101
101
001
110
100
010
000
011
10 10 10
1011110100
1011110100
1011110100
1011110100
1011110100
1011110100
1011110100
1011110100
1011110100
1011110100
1011010100
1011011110
0111001010
1101000111
0101101101
0010011011
1000011111
1001010110
1101011110
1010001010
10 10 5
11010
11010
11010
11010
11010
11010
11010
11010
11010
11010
01010
11011
11000
11110
11010
01011
01110
01000
10010
00010
10 10 9
111101100
101111010
111110011
110010000
001010101
010101011
000010100
011000010
010011000
000011000
110010000
111101100
010101011
000010100
000011000
111110011
101111010
010011000
001010101
011000010
10 7 10
1110111010
0001000001
0010000000
1101110010
0001101100
0111010111
1101000001
1000001010
0001001110
1110011111
1010000100
0010100110
0101011000
0010000101
0000000011
0011000110
1111011111
10 10 10
0001011011
0111110000
0000101110
0111011000
0001110001
1001001110
0010100001
1101001111
1011100111
1001011010
1001001110
0010100001
0111011000
1001011010
1011100111
0001011011
0000101110
1101001111
0111110000
0001110001
10 10 5
11111
11111
11011
11101
11000
11011
11001
11010
10000
11110
11010
11001
11110
11101
11011
10000
10111
11111
01111
11000
1 1 1
1
1
10 10 9
010100000
101101000
000110010
111000011
100110010
001000001
111111111
010111000
101100110
001101000
010111000
101100110
101101000
111000011
010100000
000110010
100110010
001000001
001101000
111111111
10 10 8
00010000
00111111
01100001
00010000
00010000
00100001
00100001
00010000
00010000
00111111
00100001
01010000
00110000
00000000
01100001
00010100
00111111
10010000
00011000
00010000
10 10 9
101001100
001010101
110100100
101000100
101001100
110010010
110100111
011100111
110110000
010011001
110110000
011100111
010011001
110100111
001001100
110010010
001010101
110100100
101000100
101001100
10 10 8
10001100
10011100
11111111
10010100
01111100
10010000
11011101
11011111
01111000
11010000
10011100
01111000
10010000
10001100
11011101
11111111
10010100
01111100
11010000
11011111
2 7 4
0010
1100
0011
1010
0110
1101
1110
0010
0001
1 1 10
1111111111
1111111111
7 4 6
011110
011111
010010
000010
011000
010000
110101
000011
010101
001110
100011
10 10 5
01111
11111
01001
11011
01111
11111
11011
01101
11111
01100
11011
01001
00111
01111
10111
01011
01101
11111
01100
01110
2 4 6
011001
010001
101011
111111
011001
010001
10 10 4
1101
0000
0101
0001
1111
0100
0110
0110
1010
1010
0001
0110
0101
1111
1001
1100
0000
1101
0100
1010
10 10 7
1001000
0110000
0110111
0100100
1011000
0011010
1000000
1011110
0010010
0010110
0111100
0100010
0101111
0101000
1110000
1011101
1100010
0111010
0111111
0001001
10 10 5
01011
01001
11110
01000
11001
01101
01001
01001
00111
00011
11011
01101
01111
00011
11001
01001
01011
01000
00111
11110
10 10 5
00101
10000
00110
01100
11100
10111
00011
00011
11110
10000
10111
01101
00011
10101
00110
11100
01100
00101
10000
11110
10 10 10
0010011011
0101011001
1000010011
0110111000
1001011000
1110101100
1101000011
1011010011
1010010001
1000001111
1000010100
1100010001
0110000001
0101001000
1111111100
0000001001
1000111111
0111001001
1100000100
0011111100
10 10 7
0001000
0001011
1111010
0001011
1110001
1001101
0001010
0000111
1001010
0010100
0001000
1110001
0000111
1001010
0001011
1001000
1001101
0001010
0010100
1111010
10 7 3
111
111
100
010
100
011
100
010
110
111
011
000
101
100
010
111
110
10 10 6
110110
011110
111110
101010
101110
000100
110110
111000
011101
010111
011110
111110
010110
111000
010111
110110
011101
000100
101110
101010
3 10 6
001010
110110
101000
110110
011111
011100
010001
100001
000001
100110
101011
110000
011000
10 10 7
0010111
1001010
0010111
1001010
1101100
1101100
1101100
1100100
0011111
1001110
0000111
0110111
0010111
1101100
1100100
1010111
1001010
1001110
0011111
0010011
10 10 10
0100111111
1100011110
0100011010
0100101111
0100111111
0100011110
0100011111
0100010111
0100111101
1100011111
1100111111
0100111101
0100010111
0100011111
0100111111
1100011111
0100011010
0100011110
0100101111
1100011110
10 10 10
1111011111
1001010101
1001000101
1111011110
1001011101
1111011110
0010011110
1111011111
1111111110
1111001111
1111011110
1111111110
0010011110
1001000101
1001010101
0111011111
1011011111
1111011111
1001011101
1111001111
10 1 1
1
0
0
1
1
1
0
1
1
1
1
10 10 9
101001001
001010110
110011001
100000110
101000101
000011110
101010111
011111101
010101011
101100101
000011110
110011001
010101011
100000110
101000101
001010110
101010111
101100101
011111101
101001001
10 10 6
101000
000001
011011
011111
001010
100101
001101
011010
010011
100100
100100
001111
001010
101110
101000
111001
000110
000111
000101
010111
10 10 5
00001
10011
01010
11000
11011
01001
00010
01100
00011
11100
11100
00011
00010
11011
10011
00001
01010
11000
01100
01001
10 10 7
1111111
1111100
1000000
1010100
0110001
1011111
1100101
0001000
1011110
0110101
1011110
0001000
1111100
1010100
1000000
1011111
1100101
1111111
0110101
0110001
10 10 8
10010100
00000001
00000100
10111100
00111110
00100000
10110011
01010100
10010000
10000110
00100000
10010000
01010100
00000001
10010100
10000110
10110011
10111100
00000100
00111110
9 10 7
0011111
0000011
0011010
0010110
0101111
1011100
0011000
1000010
1010011
1110100
1111100
0010110
1101000
0000000
0100001
1110101
0111001
1101010
1100101
10 10 6
111100
111110
001101
100100
101100
101100
110100
001100
110100
110101
001101
111100
110101
111110
011100
101100
110100
111000
100100
001100
10 10 4
1101
1100
0100
1100
1101
1000
1000
1100
1000
1100
1111
1110
0101
1000
0100
1101
0000
1100
1001
0110
10 2 6
011111
010111
110110
110100
111111
001100
011010
111011
011011
001000
011111
010111
10 7 3
001
111
110
011
000
111
101
011
000
001
001
011
101
111
110
010
000
10 10 10
0010001111
0111001110
1010011011
0011001111
1010011001
0011001111
0010001111
0011001110
1010011001
0011001110
0110001000
0111011001
0000100010
0001000110
0101101111
1110011001
0001110010
0100100101
1111000000
1110000100
10 10 4
1110
1110
1110
1110
1110
1110
1110
1110
1110
1110
1110
0111
0010
1100
1111
0100
1010
1000
1011
0110
10 10 6
110100
110001
000101
010101
110100
110000
111100
011101
010100
000111
000111
010100
111100
110100
010101
100100
110000
000101
011101
110001
10 10 8
10011000
10011000
10011000
10001000
10001000
10011000
10011000
10011000
10001000
10001000
10010000
11011000
00001000
10111000
10011100
10011000
10001000
00011000
10011010
10011001
10 10 8
10111110
01011011
01011011
01011011
10111110
01011011
01011011
01011011
11011011
01011011
00111110
11111110
11011011
10111110
01011011
10110110
10101110
10111010
10011110
10111100
10 10 5
01001
01011
00011
10100
10100
00100
01011
01011
00011
01011
01000
00100
01001
11001
01101
00011
01011
10100
00001
11011
10 10 10
0011100001
1001010000
1110001011
0011101111
1101000111
0000111000
0100010111
1010101111
0100100010
1110101100
0100100010
1110101100
1101000111
0011101111
1110001011
1001010000
0000111000
0011100001
0100010111
1010101111
10 10 9
000101011
110010001
001110101
100100111
011111111
100010001
011110111
001111111
001001111
100101001
000101011
100101001
011110111
011111111
100100111
001110101
100010001
001001111
001111111
110010001
8 10 7
0010010
1011111
1011101
0011100
1011101
0001110
1010111
1010000
0001001
1100011
1001010
1000110
1000101
1110101
0100100
0110100
0011110
0011111
10 10 7
0101001
0011111
0101001
0001001
1000010
0011010
1110110
1100110
0001111
1000111
0001111
1100110
1000111
1110110
0011010
1000010
0001001
0101001
0011111
1101001
10 10 4
0011
1101
1101
1100
1011
0110
1111
0000
0100
0111
0111
0011
1111
1101
1011
1100
0110
0000
0001
0100
10 10 4
1101
0101
0000
0010
0001
1101
1001
0101
0100
0100
1001
0100
1100
1101
0001
0010
0111
1111
0000
0101
10 10 6
101001
010001
010111
111000
110101
010011
010101
101000
010101
101101
111000
010111
110101
101000
010101
010001
101001
101101
001001
010011
10 10 7
1011000
0111111
1101011
0101111
1011001
0110000
0011010
1110001
0100111
0110010
1011000
1110001
0110010
1101011
0011010
0101111
1011001
0111111
0100111
0110000
10 10 5
10110
11101
11001
00111
00111
01101
01101
00000
11110
00110
10010
11101
00000
00111
11110
10110
11001
00110
01101
10100
10 10 10
0001110111
0100101011
0011111110
1101011110
0000100101
0011010000
0000001001
1101100011
0100111001
0001011000
0100101011
0011111110
0011010000
1101100011
1101011110
0001011000
0000100101
0001110111
0000001001
0100111001
10 10 5
11101
11110
00101
01110
11101
10100
00100
00001
11000
10011
00001
11000
11110
11101
01101
10011
10100
01110
00101
00100
1 10 10
0010110001
0101000011
1011000100
0100010011
1001010110
0100110100
1111010001
1010000011
1000110101
0010110001
0010001010
10 10 9
101000011
101000011
101000011
101000011
101000011
101000011
101000011
101000011
101000011
101000011
101000011
101000001
101010011
101001011
001000011
101000010
111000011
101000111
101100011
100000011
10 10 7
0010110
1011000
0111111
0011100
0000100
1101011
0011000
1011000
0100111
1111111
1101011
0011000
0100111
0011100
1011000
0111111
0010110
1010110
0000100
1111111
10 10 5
01001
01001
01001
11001
10001
00100
11000
10000
01111
00100
10001
00100
11000
01111
01001
10000
01101
01011
00001
11001
10 10 4
0011
1000
1000
1000
1010
1010
0000
0011
0011
1000
0111
1001
0001
1100
1010
0011
1011
0000
0010
1000
10 10 4
0101
1100
0110
0101
1110
1111
0100
0111
0111
1101
0001
1110
0110
0111
0100
1101
1000
1111
1100
0101
1 10 10
0001001010
1010100110
0110011000
0001001010
1010110011
1001101010
0000101011
1110000010
0001100101
0010001110
0110110101
10 10 4
0001
1010
0110
1110
0110
0101
1000
0110
0110
1001
0000
0011
0110
1010
1110
0010
0101
1000
1001
0001
7 2 6
010111
010001
011011
110000
100000
111001
110001
101011
000100
10 10 4
0010
0010
0010
0011
1011
1010
0010
0110
1000
0011
1111
1011
1010
0111
1000
0011
0001
0110
0000
0010
10 10 9
000100010
000000010
010000110
011000010
011000110
010000010
000101110
000000011
111000110
000101010
000000010
010000110
000101110
010000010
000101010
011000010
011000110
111000110
000100010
000000011
10 10 9
100001100
111000110
100011100
101001110
101000110
110011100
110001100
100011100
100000110
101101110
111000110
101000110
000001100
101101110
100011100
110011100
100001100
101001110
100000110
110001100
1 10 10
1001000100
1111001111
0011101110
1000000010
0101010010
1100011101
0110011100
0111110011
1010100001
1001100101
1001001001
10 10 8
11001001
11110110
01110101
11011111
00011010
11010101
00110111
00000001
01011011
01110111
00110111
11010101
00011010
11110110
11001001
01110111
11011111
00000001
01011011
01110101
10 3 2
00
00
11
11
00
10
10
00
01
01
00
11
10
10 10 7
0000101
0110100
0010100
1110001
1111000
1010011
0101110
1101000
1000000
1110100
1110001
1111000
0101110
1010011
0000101
0010100
1000000
1110100
1101000
0110100
10 10 4
1001
0010
0001
0101
1011
0010
0101
0010
0000
1101
1001
1010
0110
0010
1101
0001
1011
0000
1000
0101
10 10 10
0110110100
0000110100
0000110100
0000110100
0000110100
0110110100
0110110100
0000110100
0000110100
0000110100
0100110100
0110110000
0110100100
0110111100
0111110100
1110110100
0110110100
0110010100
0000110100
0010110100
10 10 4
1010
1011
0110
0100
0001
0000
0100
0010
0110
0110
0010
0110
0000
1000
1011
0001
1010
0100
1110
0011
10 7 9
110010110
110101111
100101100
011111101
100111111
010110110
011010101
111111011
111100011
100110010
000110010
101110101
100100010
110101011
100001100
111001011
010111000
1 1 4
0000
0000
9 10 10
1101100100
0011100101
1000111100
0111001111
0011100011
1010110100
0000101011
0111010101
1111101011
1001111010
1101010010
0000001000
1001010010
0000110011
0010100001
0110001000
0101110011
0011011110
1011100110
3 4 6
011111
000111
101111
001110
011001
111111
010110
10 10 8
11110100
00001001
00110100
01110011
10000000
10100100
00011100
11111001
11000001
10111011
00011100
10100100
01110011
00110100
10000000
11000001
00001001
10111011
11111001
11110100
10 10 5
01100
11111
11100
10001
10001
10001
00001
11011
10011
11110
11110
00001
11111
10001
11100
11011
00100
01000
10011
01100
10 10 5
10101
00111
00101
11010
10010
01100
11101
11100
00101
01101
11100
10001
11010
01101
00111
10101
10010
00101
01100
11101
10 10 10
1100000100
1111111111
1011000101
0101100011
0111010001
0010000011
0110011101
1100101010
1010110011
1101111100
1010110011
1111111111
0110011101
0111010001
1100101010
1101111100
1011000101
0101100011
0010000011
1100000100
1 10 10
1001111001
0001110011
1010010001
0100110100
0010110100
1101100001
1001111001
1001110111
0111111111
1001101110
0101111111
8 4 10
0000001010
1111001010
1001011010
1000001011
0100010010
0100011001
1111100111
1100111101
1100100011
1111100001
0001110101
1100110101
10 10 10
1001110111
1010101100
1010101000
1000101111
1110000001
1101000101
1010011010
0101001100
1000100011
0001111011
1010101100
1000100011
1110000001
0001111011
1101000101
0101001100
1000101111
1001110111
1010011010
1010101000
1 10 10
1000111110
1000111110
1010111111
1101001100
0010011001
1011010110
1000011000
0110110100
1100101101
0110000001
0011010100
10 10 4
1101
0100
0100
1011
1011
1011
1101
0100
1101
1011
0000
1111
0110
1001
1100
1011
0011
0100
1101
0101
10 10 10
0111100010
0110001101
1001111001
0011000111
0011100001
1110011010
0000011111
1101010011
1101110101
1011001010
0110011011
0011010110
0100110001
1100100111
0100010000
0011000101
1000100110
1110110111
0001010001
1001110011
10 10 7
1000001
1001111
1001001
1001001
0001001
1111011
1011011
1001001
1000001
1001011
0000001
1001001
0001001
1001111
1011011
1010001
1001011
1111011
1000001
1100001
10 10 6
111110
011000
010100
111100
110100
110110
011110
110010
011100
110111
110010
011110
110100
110110
111100
110111
111110
011000
010100
011100
